16425 59
18466 199
22714 408
26492 667
19159 620
32083 1269
27832 1301
29315 1582
26912 1647
24407 1669
22026 1666
28049 2324
23187 2089
16748 1631
26202 2741
16770 1876
19243 2293
28102 3554
21024 2813
21315 2931
21606 3049
32040 4756
30619 4771
20021 3267
16302 2781
16418 2922
28284 5244
17106 3299
18351 3676
19306 4012
19449 4188
21308 4748
21171 4878
30309 7213
27116 6660
17694 4481
19267 5027
24788 6658
25349 7004
16387 4655
25226 7362
27495 8239
22759 6999
29871 9422
28862 9332
16776 5558
19932 6763
29780 10343
22704 8069
26553 9652
21795 8101
23882 9072
25771 10003
28067 11020
30363 12037
30364 12290
18519 7651
26946 11361
23064 9920
23925 10494
25130 11239
15616 7119
26028 12093
17552 8309
19988 9638
16360 8034
14912 7457
26830 13658
22574 11697
22402 11813
16975 9108
19879 10851
23996 13322
20729 11704
27989 16070
19961 11652
20958 12437
27173 16391
26761 16406
26397 16445
20611 13047
16764 10782
16433 10736
24169 16039
19971 13461
16466 11272
15400 10706
23058 16276
17353 12437
19212 13980
24384 18012
21048 15783
13483 10262
25670 19832
19379 15195
21680 17253
17054 13773
16658 13652
24990 20782
14113 11909
17417 14913
12487 10848
15916 14030
23193 20742
15569 14127
21820 20087
16593 15497
19102 18098
21889 21040
13381 13049
22517 22275
15801 15858
14999 15271
19994 20652
18588 19478
13068 13892
15403 16612
14986 16397
17922 19895
21218 23897
14146 16165
10784 12504
15535 18275
19056 22747
16263 19699
11761 14456
13983 17442
15352 19435
14529 18667
19447 25360
12306 16289
16978 22811
16171 22057
10265 14215
9819 13805
12464 17793
17234 24982
11134 16390
17294 25857
16604 25215
9795 15110
14911 23369
16934 26965
15073 24389
14420 23713
13743 22970
15892 26999
12673 21889
15937 27990
12771 22810
11681 21218
8847 16348
10710 20135
11556 22108
12567 24467
13250 26261
7288 14706
12763 26227
7451 15595
13838 29507
7844 17044
7424 16441
7051 15918
9061 20860
10823 25416
7910 18952
8157 19945
8503 21227
10077 25689
7322 19068
7030 18709
8401 22855
9023 25103
10222 29092
8364 24362
8712 25982
6526 19939
7308 22882
8133 26111
6739 22199
5578 18860
6775 23528
6655 23750
5551 20375
4207 15890
4577 17804
6393 25633
6566 27155
5309 22671
4458 19673
3879 17707
3488 16486
4021 19706
6033 30690
4580 24219
4019 22121
3057 17543
3095 18549
4834 30311
3459 22739
3269 22578
3526 25657
3961 30436
2926 23821
2173 18810
1878 17350
2070 20496
2019 21539
1423 16458
2493 31457
1638 22739
1959 30240
1300 22571
1378 27357
958 22207
1172 32588
902 31360
705 32694
281 19577
147 20484
0 19477
-221 30726
-439 30520
-388 17967
-843 29302
-930 25870
-1028 23810
-1268 25168
-1715 29793
-1487 22954
-1478 20527
-1564 19734
-2687 31066
-2955 31527
-1968 19490
-2238 20677
-3215 27824
-3311 26954
-2642 20301
-3217 23402
-2656 18347
-4313 28350
-3531 22142
-3980 23849
-3123 17920
-5301 29179
-4523 23918
-4354 22151
-3962 19415
-4737 22392
-4099 18712
-6165 27205
-7430 31728
-4470 18485
-5874 23551
-4993 19424
-5202 19651
-5953 21850
-7112 25384
-5886 20439
-5353 18100
-8260 27207
-8882 28518
-6128 19187
-7417 22661
-5658 16877
-7105 20695
-10607 30189
-9034 25132
-6435 17506
-9288 24717
-7916 20615
-7282 18564
-10589 26434
-10558 25817
-9394 22507
-8408 19743
-10795 24853
-7688 17358
-7776 17220
-8781 19079
-11409 24327
-7700 16116
-13597 27939
-13226 26688
-11790 23367
-14455 28144
-7608 14554
-10043 18881
-12836 23719
-11662 21184
-13029 23270
-13403 23540
-15746 27197
-14516 24662
-12198 20387
-13621 22399
-16261 26313
-10930 17406
-9971 15628
-13991 21583
-9453 14356
-11106 16604
-17604 25915
-10648 15436
-16462 23500
-12418 17459
-15772 21840
-11718 15983
-9881 13276
-14362 19010
-15758 20549
-18515 23789
-11195 14172
-13585 16945
-12708 15620
-20706 25080
-18499 22082
-21155 24887
-16979 19685
-10989 12557
-19197 21620
-15092 16754
-11764 12871
-13507 14567
-20098 21366
-11445 11992
-16134 16664
-13791 14041
-14410 14462
-20109 19893
-23260 22682
-17655 16970
-23713 22467
-21077 19684
-18933 17429
-13415 12172
-20934 18722
-23492 20708
-15604 13557
-16840 14419
-21893 18475
-15913 13234
-18837 15438
-24261 19593
-15691 12487
-13611 10672
-21518 16624
-14495 11033
-16757 12566
-16647 12297
-22443 16331
-23019 16498
-15978 11279
-19416 13497
-23090 15806
-13985 9426
-17104 11351
-19419 12687
-17008 10938
-19867 12576
-15740 9806
-18687 11456
-17511 10563
-23698 14063
-23188 13536
-24653 14155
-18860 10649
-22987 12762
-23207 12667
-15203 8157
-17712 9340
-23222 12033
-26298 13388
-18898 9450
-18535 9102
-26635 12844
-22322 10567
-18916 8789
-25497 11624
-16935 7574
-27841 12212
-17258 7423
-20741 8818
-24224 10213
-16597 6857
-22038 8920
-24715 9798
-18653 7240
-24751 9403
-19495 7246
-24152 8780
-24333 8648
-27710 9624
-24502 8313
-23135 7665
-19181 6202
-26910 8488
-26830 8251
-22866 6852
-27164 7928
-22992 6531
-23674 6541
-17165 4610
-31225 8147
-17592 4455
-18502 4544
-16725 3980
-29594 6819
-19019 4238
-24307 5234
-28602 5944
-23543 4716
-20803 4012
-20140 3734
-30055 5349
-18738 3196
-17693 2887
-18090 2818
-27110 4024
-29678 4188
-29185 3905
-30323 3835
-30785 3669
-27262 3050
-17410 1821
-27463 2674
-22633 2039
-29315 2429
-24805 1876
-16487 1128
-17190 1052
-31241 1686
-29416 1376
-24265 960
-19177 621
-24736 623
-22409 403
-30972 334
-30654 110
-29170 -105
-16618 -179
-30828 -554
-19705 -496
-25747 -833
-18881 -747
-21028 -983
-23635 -1276
-28880 -1767
-16485 -1128
-29992 -2268
-19014 -1576
-21537 -1941
-27887 -2715
-18409 -1926
-26411 -2955
-21542 -2567
-22479 -2843
-26070 -3488
-17201 -2427
-22222 -3299
-20811 -3242
-22298 -3639
-23511 -4010
-25090 -4465
-17110 -3172
-27949 -5390
-20708 -4148
-22668 -4710
-18754 -4038
-17654 -3934
-30267 -6974
-17813 -4239
-24661 -6057
-20494 -5190
-31128 -8121
-19620 -5270
-25022 -6914
-29077 -8260
-27289 -7964
-21800 -6533
-22508 -6922
-20498 -6465
-23089 -7465
-16219 -5373
-27997 -9499
-18771 -6520
-27869 -9905
-29001 -10542
-17818 -6623
-23957 -9101
-20521 -7965
-29681 -11766
-23566 -9539
-26359 -10890
-21457 -9046
-28796 -12385
-15117 -6631
-22453 -10042
-18308 -8347
-26885 -12491
-24023 -11372
-29297 -14127
-15841 -7779
-22042 -11022
-20128 -10247
-21753 -11272
-18942 -9988
-17911 -9610
-25465 -13899
-26903 -14936
-19849 -11208
-22155 -12720
-18268 -10664
-18507 -10983
-25509 -15387
-26692 -16363
-25623 -15962
-18389 -11640
-17935 -11534
-17456 -11404
-15549 -10319
-25053 -16887
-25498 -17455
-14544 -10110
-15488 -10933
-14287 -10240
-20012 -14561
-23640 -17463
-22965 -17049
-22290 -16715
-13992 -10650
-20621 -15931
-17960 -14083
-14622 -11636
-22673 -18311
-14971 -12270
-14384 -11962
-17471 -14744
-16325 -13978
-15938 -13847
-23458 -20678
-14759 -13200
-16922 -15355
-22693 -20890
-16391 -15308
-21325 -20205
-19742 -18977
-13893 -13548
-16297 -16122
-21959 -22038
-20114 -20478
-20324 -20992
-22338 -23407
-15386 -16356
-19956 -21522
-12699 -13894
-20661 -22935
-13648 -15371
-15289 -17471
-11763 -13638
-16672 -19613
-15997 -19095
-18935 -22935
-18514 -22757
-14556 -18157
-14796 -18730
-18034 -23170
-17818 -23235
-17726 -23463
-17683 -23759
-15666 -21368
-17037 -23592
-10836 -15235
-16047 -22908
-13651 -19789
-13723 -20203
-13414 -20057
-13325 -20236
-11395 -17579
-12341 -19341
-13463 -21439
-11721 -18966
-15512 -25509
-14600 -24403
-8604 -14618
-10005 -17281
-14712 -25839
-11255 -20102
-8185 -14868
-10212 -18871
-14442 -27151
-10438 -19968
-8839 -17210
-8555 -16955
-8378 -16905
-7568 -15551
-12079 -25282
-11231 -23948
-9552 -20755
-8667 -19193
-11875 -26810
-7413 -17067
-8675 -20372
-9149 -21921
-8666 -21191
-8457 -21110
-7368 -18782
-7693 -20033
-6270 -16686
-6764 -18401
-6045 -16817
-5970 -16992
-10369 -30204
-10042 -29950
-9887 -30206
-7256 -22719
-5174 -16611
-6472 -21318
-6438 -21769
-7908 -27461
-7856 -28038
-4737 -17387
-6791 -25650
-5462 -21249
-4447 -17831
-6242 -25816
-5861 -25028
-5160 -22769
-5764 -26308
-6678 -31566
-3336 -16347
-5940 -30219
-3092 -16351
-3549 -19535
-4267 -24486
-4860 -29123
-4386 -27498
-4153 -27297
-4424 -30558
-2781 -20234
-4217 -32405
-2211 -18001
-2117 -18321
-3045 -28132
-2920 -28910
-2466 -26309
-2214 -25601
-1363 -17205
-1442 -20020
-1888 -29141
-977 -16966
-875 -17379
-1350 -31287
-1010 -28094
-883 -30682
-637 -29546
-343 -23829
-144 -20039
0 -26488
206 -28684
274 -19088
420 -19492
546 -18965
934 -25973
1360 -31500
973 -19329
1110 -19282
1206 -18612
1921 -26671
1741 -21975
2382 -27539
1560 -16646
2526 -25016
2968 -27416
2753 -23830
3080 -25076
3686 -28326
3881 -28238
2896 -20004
3576 -23505
3246 -20351
4821 -28892
3842 -22049
3137 -17266
5492 -29041
4930 -25081
6323 -30988
4730 -22356
6322 -28857
5775 -25483
7123 -30417
6537 -27034
7060 -28307
5129 -19952
5748 -21713
5314 -19504
6763 -24137
6806 -23637
6804 -23007
7502 -24710
6538 -20990
7116 -22283
9999 -30548
6057 -18066
8581 -24996
9291 -26442
6924 -19261
9129 -24834
6608 -17585
11429 -29763
9119 -23245
8431 -21045
9027 -22073
12558 -30088
6616 -15537
8454 -19464
9178 -20721
9091 -20133
7838 -17030
10782 -22991
9558 -20005
12029 -24718
8099 -16343
12860 -25488
11669 -22720
11119 -21272
9821 -18464
11411 -21085
11134 -20226
15544 -27762
12675 -22260
8585 -14828
12785 -21722
10966 -18329
9313 -15314
8773 -14195
14788 -23548
11348 -17786
15029 -23186
16481 -25029
16696 -24963
10876 -16010
10144 -14705
13146 -18767
15916 -22376
12614 -17467
16977 -23155
10476 -14075
11259 -14903
11047 -14405
19437 -24973
15437 -19541
18996 -23695
17853 -21944
20582 -24930
12361 -14755
12008 -14126
15182 -17602
16798 -19196
18802 -21176
18654 -20707
17530 -19181
19257 -20769
14479 -15392
16895 -17704
18886 -19507
17579 -17898
20166 -20238
21159 -20932
21408 -20876
12330 -11852
22363 -21189
14552 -13590
20588 -18953
19973 -18122
22659 -20265
16465 -14514
12389 -10764
16364 -14012
19371 -16347
14202 -11811
14948 -12251
22578 -18234
17534 -13954
20824 -16329
16961 -13104
16762 -12758
14379 -10782
22301 -16474
13740 -9998
26058 -18676
17337 -12238
14896 -10355
24717 -16920
17321 -11675
25438 -16882
14294 -9339
20466 -13162
24695 -15632
18189 -11331
21842 -13390
14670 -8849
23277 -13813
18067 -10547
18023 -10348
15704 -8867
28175 -15643
27710 -15125
20639 -11074
23208 -12238
22756 -11791
24603 -12525
28739 -14371
17883 -8782
17783 -8575
29155 -13801
22460 -10435
19406 -8847
28608 -12795
21354 -9367
30063 -12930
23415 -9872
19432 -8028
18868 -7637
28819 -11425
21021 -8159
24193 -9191
17420 -6475
24341 -8848
16927 -6016
22050 -7658
23162 -7859
17004 -5633
30948 -10007
29751 -9384
20978 -6451
24017 -7197
19608 -5723
29811 -8468
25228 -6971
23593 -6337
31354 -8180
22382 -5668
20031 -4920
29002 -6902
18880 -4350
29373 -6546
16194 -3487
31742 -6596
30514 -6112
28614 -5518
30298 -5617
22032 -3921
24289 -4143
22735 -3710
23651 -3685
30504 -4528
20281 -2862
17582 -2352
20849 -2637
17392 -2073
18117 -2027
17744 -1856
30863 -3005
18321 -1651
32526 -2695
20511 -1551
19644 -1344
18000 -1101
22014 -1188
21610 -1011
27256 -1078
26723 -865
21409 -539
29831 -536
30390 -328
23646 -85