1492
149 298 447
298 0 0
447 596 745
596 0 894
745 0 1043
894 0 1192
1043 1341 1490
1192 0 147
1341 0 0
1490 296 445
147 594 743
296 892 0
445 1041 1190
594 1339 0
743 0 0
892 1488 0
1041 0 0
1190 0 0
1339 0 145
1488 294 443
145 592 0
294 0 0
443 0 741
592 0 0
741 890 1039
890 0 0
1039 0 1188
1188 1337 1486
1337 143 292
1486 0 441
143 590 739
292 888 0
441 1037 1186
590 1335 0
739 0 0
888 0 1484
1037 0 0
1186 0 141
1335 290 0
1484 439 588
141 0 0
290 0 737
439 886 1035
588 0 1184
737 1333 0
886 0 1482
1035 139 0
1184 288 437
1333 0 586
1482 0 735
139 884 0
288 0 0
437 0 0
586 1033 1182
735 0 1331
884 1480 137
1033 0 286
1182 435 0
1331 584 0
1480 0 733
137 0 882
286 1031 1180
435 0 0
584 0 1329
733 1478 135
882 0 284
1031 0 0
1180 433 582
1329 0 731
1478 0 880
135 1029 1178
284 1327 0
433 0 1476
582 133 0
731 0 282
880 0 0
1029 431 0
1178 580 0
1327 0 0
1476 0 729
133 878 0
282 1027 1176
431 1325 0
580 1474 131
729 0 280
878 429 578
1027 0 0
1176 0 727
1325 876 1025
1474 1174 1323
131 0 0
280 0 1472
429 0 0
578 129 0
727 278 0
876 0 427
1025 0 0
1174 576 725
1323 0 874
1472 1023 1172
129 0 0
278 1321 1470
427 0 0
576 127 0
725 0 276
874 425 0
1023 574 0
1172 723 872
1321 1021 1170
1470 1319 0
127 0 1468
276 125 0
425 0 274
574 0 423
723 0 0
872 572 721
1021 0 0
1170 0 0
1319 870 1019
1468 1168 1317
125 0 1466
274 123 272
423 421 570
572 0 719
721 0 868
870 0 0
1019 1017 0
1168 0 1166
1317 0 0
1466 0 1315
123 1464 121
272 0 0
421 270 419
570 568 717
719 866 0
868 0 1015
1017 1164 1313
1166 1462 0
1315 119 0
1464 268 417
121 0 566
270 715 864
419 1013 0
568 0 0
717 1162 1311
866 1460 117
1015 266 415
1164 564 713
1313 862 1011
1462 1160 1309
119 0 0
268 1458 115
417 264 413
566 562 711
715 860 0
864 1009 0
1013 1158 1307
1162 0 0
1311 0 0
1460 1456 0
117 0 113
266 0 0
415 0 0
564 0 0
713 0 0
862 262 411
1011 0 0
1160 0 0
1309 0 0
1458 560 0
115 709 858
264 1007 0
413 0 1156
562 0 0
711 1305 1454
860 111 0
1009 0 260
1158 409 558
1307 0 707
1456 856 1005
113 1154 1303
262 0 1452
411 109 258
560 0 0
709 0 407
858 556 0
1007 705 0
1156 854 0
1305 0 1003
1454 0 0
111 1152 0
260 1301 1450
409 0 107
558 256 405
707 0 0
856 0 0
1005 554 0
1154 0 703
1303 852 1001
1452 0 0
109 0 0
258 1150 1299
407 0 1448
556 105 0
705 254 403
854 552 701
1003 0 850
1152 999 1148
1301 1297 1446
1450 103 0
107 252 0
256 0 0
405 401 550
554 0 699
703 848 997
852 0 1146
1001 0 1295
1150 0 1444
1299 0 0
1448 101 250
105 399 548
254 0 697
403 0 846
552 0 995
701 0 0
850 1144 1293
999 0 0
1148 0 1442
1297 0 99
1446 248 0
103 397 0
252 0 546
401 695 844
550 993 1142
699 1291 1440
848 0 0
997 0 97
1146 0 0
1295 0 0
1444 0 246
101 0 0
250 0 0
399 0 0
548 0 0
697 0 395
846 544 0
995 0 693
1144 0 0
1293 842 0
1442 0 0
99 0 0
248 0 991
397 1140 1289
546 0 0
695 0 1438
844 95 244
993 0 393
1142 0 0
1291 542 0
1440 691 840
97 989 0
246 0 0
395 1138 0
544 1287 0
693 0 1436
842 93 242
991 391 540
1140 0 689
1289 838 987
1438 1136 1285
95 0 0
244 0 1434
393 91 0
542 0 240
691 0 0
840 389 0
989 538 687
1138 836 985
1287 1134 0
1436 0 1283
93 1432 0
242 89 0
391 238 0
540 387 536
689 0 685
838 0 834
987 0 983
1136 1132 0
1285 1281 1430
1434 87 0
91 0 236
240 385 0
389 0 0
538 0 534
687 683 832
836 981 1130
985 0 1279
1134 1428 0
1283 85 0
1432 0 234
89 0 0
238 0 0
387 383 532
536 0 681
685 830 0
834 0 979
983 1128 1277
1132 0 0
1281 1426 0
1430 0 0
87 0 0
236 83 232
385 381 0
534 0 0
683 0 0
832 0 530
981 679 0
1130 828 977
1279 0 0
1428 0 1126
85 1275 0
234 1424 0
383 0 81
532 0 0
681 230 0
830 379 0
979 528 677
1128 826 975
1277 0 0
1426 1124 0
83 1273 1422
232 79 228
381 0 377
530 526 0
679 0 675
828 824 0
977 0 0
1126 0 0
1275 973 1122
1424 0 0
81 1271 0
230 1420 0
379 77 226
528 0 0
677 0 0
826 0 375
975 524 673
1124 822 971
1273 0 1120
1422 1269 1418
79 75 0
228 224 373
377 522 671
526 820 0
675 0 969
824 1118 1267
973 1416 0
1122 73 0
1271 0 0
1420 222 0
77 0 371
226 520 669
375 818 967
524 0 0
673 1116 1265
822 0 0
971 0 0
1120 0 0
1269 0 1414
1418 0 71
75 0 220
224 0 369
373 518 667
522 0 0
671 0 816
820 965 1114
969 0 0
1118 1263 1412
1267 69 218
1416 0 0
73 0 0
222 0 0
371 367 0
520 0 516
669 665 0
818 0 0
967 814 963
1116 0 1112
1265 0 0
1414 0 0
71 0 0
220 0 0
369 0 1261
518 0 1410
667 67 0
816 0 216
965 0 365
1114 514 663
1263 812 0
1412 961 0
69 0 1110
218 1259 0
367 0 0
516 0 0
665 1408 65
814 214 0
963 0 363
1112 0 512
1261 0 0
1410 0 0
67 661 810
216 959 1108
365 1257 1406
514 0 0
663 63 212
812 361 0
961 0 510
1110 0 659
1259 0 808
1408 0 957
65 1106 0
214 1255 1404
363 61 0
512 0 0
661 0 210
810 359 508
959 0 0
1108 657 806
1257 955 0
1406 0 0
63 0 0
212 0 0
361 1104 0
510 1253 1402
659 59 208
808 0 0
957 357 0
1106 0 0
1255 506 0
1404 0 0
61 655 0
210 0 0
359 804 0
508 953 1102
657 0 0
806 1251 0
955 1400 0
1104 0 57
1253 0 0
1402 0 0
59 206 0
208 355 0
357 0 0
506 0 0
655 0 504
804 0 0
953 653 0
1102 802 0
1251 0 951
1400 1100 1249
57 1398 0
206 55 204
355 0 353
504 502 651
653 800 0
802 949 1098
951 1247 0
1100 1396 0
1249 0 53
1398 0 202
55 351 500
204 649 798
353 947 1096
502 1245 1394
651 51 0
800 0 0
949 0 0
1098 0 200
1247 349 0
1396 498 647
53 0 0
202 796 0
351 945 0
500 1094 1243
649 0 0
798 1392 49
947 198 0
1096 0 347
1245 0 496
1394 0 0
51 0 0
200 645 0
349 794 0
498 943 1092
647 1241 1390
796 0 0
945 47 196
1094 345 494
1243 0 0
1392 643 792
49 0 941
198 1090 0
347 0 1239
496 1388 45
645 0 194
794 343 492
943 641 790
1092 939 0
1241 0 0
1390 0 0
47 1088 0
196 1237 1386
345 43 0
494 192 0
643 0 341
792 0 490
941 639 788
1090 937 1086
1239 0 1235
1388 1384 0
45 41 190
194 0 0
343 0 339
492 0 488
641 0 637
790 0 786
939 935 0
1088 1084 0
1237 0 1233
1386 0 0
43 1382 39
192 0 0
341 0 0
490 0 0
639 188 0
788 0 337
937 0 486
1086 635 784
1235 0 0
1384 0 933
41 0 0
190 0 0
339 1082 0
488 0 1231
637 1380 37
786 186 0
935 0 0
1084 0 0
1233 335 484
1382 0 633
39 782 0
188 931 0
337 1080 1229
486 1378 35
635 0 184
784 0 0
933 333 482
1082 0 631
1231 780 929
1380 0 1078
37 0 1227
186 1376 0
335 0 0
484 33 0
633 182 0
782 0 0
931 0 0
1080 331 0
1229 480 0
1378 629 0
35 778 0
184 927 1076
333 0 1225
482 1374 31
631 0 0
780 180 0
929 329 478
1078 627 0
1227 776 925
1376 1074 0
33 1223 0
182 0 0
331 1372 29
480 178 0
629 327 476
778 0 0
927 625 0
1076 774 923
1225 1072 0
1374 1221 0
31 0 0
180 0 0
329 0 1370
478 0 27
627 0 0
776 0 0
925 0 176
1074 0 325
1223 0 0
1372 474 623
29 0 772
178 0 0
327 0 921
476 1070 1219
625 0 1368
774 0 25
923 174 323
1072 472 0
1221 0 621
1370 0 770
27 919 1068
176 0 1217
325 0 0
474 1366 23
623 0 172
772 321 0
921 0 0
1070 470 0
1219 0 0
1368 0 619
25 768 0
174 917 0
323 1066 0
472 1215 1364
621 0 0
770 21 0
919 0 170
1068 0 0
1217 0 0
1366 0 0
23 0 319
172 468 617
321 0 0
470 766 0
619 0 915
768 0 0
917 1064 1213
1066 0 1362
1215 0 19
1364 168 317
21 0 0
170 466 0
319 0 0
468 615 764
617 0 913
766 1062 1211
915 0 1360
1064 17 166
1213 0 315
1362 0 464
19 613 762
168 0 911
317 1060 1209
466 1358 15
615 164 0
764 0 0
913 0 0
1062 313 462
1211 611 0
1360 760 0
17 0 0
166 909 0
315 0 1058
464 1207 0
613 0 0
762 1356 0
911 13 162
1060 311 460
1209 0 609
1358 0 0
15 0 0
164 0 0
313 0 758
462 907 1056
611 1205 1354
760 0 11
909 0 0
1058 0 0
1207 160 309
1356 458 0
13 0 0
162 0 607
311 756 905
460 1054 1203
609 1352 9
758 158 0
907 0 0
1056 0 307
1205 0 456
1354 0 605
11 0 754
160 0 0
309 903 0
458 0 1052
607 1201 1350
756 7 156
905 0 305
1054 454 0
1203 0 0
1352 0 603
9 0 0
158 752 0
307 901 0
456 0 0
605 0 1050
754 0 0
903 0 1199
1052 1348 5
1201 0 0
1350 0 0
7 0 0
156 154 0
305 303 0
454 452 601
603 750 0
752 0 0
901 899 0
1050 0 1048
1199 1197 1346
1348 0 3
5 0 152
154 0 0
303 0 0
452 301 0
601 450 599
750 748 897
899 1046 0
1048 0 0
1197 0 0
1346 1195 0
3 0 0
152 1344 0
301 1 0
450 0 0
599 150 0
748 299 448
897 0 597
1046 746 0
1195 895 1044
1344 1193 1342
1 0 0
150 0 1491
299 0 148
448 297 446
597 0 0
746 595 744
895 893 1042
1044 0 1191
1193 1340 0
1342 0 1489
1491 0 0
148 0 146
297 0 0
446 295 0
595 444 593
744 0 0
893 0 742
1042 0 891
1191 0 0
1340 0 1040
1489 1189 1338
146 1487 144
295 0 0
444 293 442
593 591 740
742 889 0
891 1038 1187
1040 1336 0
1189 0 0
1338 0 1485
1487 142 291
144 0 440
293 589 738
442 887 1036
591 1185 0
740 1334 0
889 1483 140
1038 0 289
1187 0 0
1336 438 0
1485 587 0
142 736 0
291 0 0
440 885 0
589 1034 0
738 1183 0
887 0 1332
1036 1481 138
1185 287 436
1334 0 0
1483 585 0
140 734 0
289 883 0
438 1032 1181
587 1330 1479
736 0 0
885 136 0
1034 0 285
1183 434 583
1332 732 881
1481 1030 1179
138 0 0
287 1328 1477
436 0 134
585 0 0
734 283 432
883 581 0
1032 0 730
1181 0 879
1330 0 1028
1479 0 0
136 1177 0
285 0 1326
434 1475 0
583 132 281
732 430 579
881 728 877
1030 1026 1175
1179 1324 1473
1328 130 279
1477 0 428
134 0 577
283 0 726
432 0 875
581 1024 1173
730 0 0
879 1322 0
1028 1471 128
1177 0 277
1326 0 0
1475 426 0
132 0 575
281 724 0
430 0 873
579 1022 1171
728 0 0
877 1320 1469
1026 0 0
1175 126 0
1324 275 424
1473 573 0
130 722 0
279 0 871
428 1020 1169
577 1318 0
726 1467 124
875 0 273
1024 0 422
1173 571 720
1322 869 0
1471 1018 0
128 0 1167
277 0 1316
426 0 1465
575 122 0
724 271 0
873 0 0
1022 0 0
1171 0 0
1320 420 0
1469 569 718
126 0 0
275 0 0
424 0 867
573 1016 0
722 0 1165
871 0 1314
1020 0 1463
1169 0 0
1318 120 269
1467 418 0
124 0 567
273 0 0
422 716 0
571 865 1014
720 0 1163
869 1312 0
1018 0 1461
1167 118 267
1316 416 565
1465 0 0
122 0 0
271 0 714
420 863 0
569 0 1012
718 1161 1310
867 1459 0
1016 0 116
1165 0 0
1314 0 0
1463 0 0
120 0 265
269 414 563
418 712 0
567 0 0
716 861 1010
865 1159 0
1014 0 0
1163 1308 0
1312 1457 114
1461 263 0
118 0 412
267 561 0
416 710 859
565 1008 1157
714 1306 1455
863 0 0
1012 0 112
1161 0 0
1310 0 0
1459 261 0
116 410 0
265 0 0
414 0 0
563 559 0
712 0 708
861 0 857
1010 1006 0
1159 1155 0
1308 1304 0
1457 0 0
114 1453 0
263 0 0
412 110 0
561 259 0
710 0 408
859 557 706
1008 855 1004
1157 1153 1302
1306 1451 108
1455 257 0
112 406 0
261 555 704
410 0 853
559 1002 1151
708 1300 1449
857 106 255
1006 404 553
1155 0 0
1304 0 702
1453 0 0
110 0 0
259 851 0
408 1000 1149
557 0 0
706 1298 0
855 1447 104
1004 253 402
1153 0 0
1302 0 0
1451 551 700
108 0 0
257 849 0
406 0 998
555 1147 1296
704 0 0
853 1445 0
1002 0 0
1151 102 0
1300 251 0
1449 0 0
106 0 0
255 0 0
404 0 0
553 400 549
702 0 0
851 698 0
1000 0 0
1149 0 847
1298 996 1145
1447 0 0
104 0 0
253 0 1294
402 1443 100
551 249 398
700 547 696
849 845 994
998 0 0
1147 0 1143
1296 1292 0
1445 1441 98
102 247 0
251 0 396
400 545 694
549 843 992
698 0 0
847 0 1141
996 1290 1439
1145 96 245
1294 0 394
1443 543 0
100 0 692
249 0 841
398 990 0
547 0 0
696 1139 1288
845 0 0
994 1437 94
1143 0 243
1292 392 0
1441 0 0
98 541 0
247 0 0
396 690 839
545 0 0
694 0 988
843 0 1137
992 1286 0
1141 1435 92
1290 241 390
1439 0 539
96 0 0
245 688 0
394 837 0
543 0 986
692 1135 1284
841 0 1433
990 90 239
1139 0 0
1288 0 388
1437 0 537
94 686 835
243 984 0
392 0 1133
541 1282 1431
690 0 88
839 237 386
988 0 0
1137 535 684
1286 0 833
1435 0 0
92 982 1131
241 0 0
390 1280 0
539 1429 0
688 0 86
837 0 235
986 384 0
1135 0 533
1284 682 0
1433 831 0
90 980 0
239 0 1129
388 1278 1427
537 0 0
686 84 233
835 0 382
984 0 531
1133 0 0
1282 0 0
1431 680 0
88 829 0
237 978 0
386 1127 1276
535 0 1425
684 0 82
833 0 231
982 380 529
1131 678 0
1280 0 0
1429 0 0
86 0 0
235 0 827
384 0 0
533 0 0
682 976 0
831 0 1125
980 1274 0
1129 1423 80
1278 0 0
1427 229 378
84 0 527
233 0 0
382 0 676
531 825 0
680 0 0
829 0 974
978 1123 1272
1127 0 1421
1276 78 0
1425 0 227
82 0 376
231 525 674
380 0 823
529 972 0
678 1121 1270
827 0 1419
976 0 0
1125 76 0
1274 225 374
1423 0 0
80 523 672
229 0 821
378 0 970
527 0 1119
676 0 1268
825 1417 74
974 0 223
1123 372 0
1272 521 670
1421 819 0
78 968 0
227 1117 0
376 1266 1415
525 0 72
674 0 221
823 0 370
972 0 519
1121 668 817
1270 966 1115
1419 1264 0
76 1413 0
225 0 0
374 70 0
523 219 0
672 368 0
821 517 0
970 666 0
1119 815 964
1268 1113 0
1417 1262 1411
74 68 0
223 0 217
372 366 515
521 0 0
670 0 0
819 0 664
968 813 962
1117 1111 0
1266 0 0
1415 1260 0
72 1409 66
221 0 0
370 0 215
519 364 513
668 0 662
817 811 0
966 960 1109
1115 1258 1407
1264 64 213
1413 0 0
70 0 362
219 0 0
368 511 0
517 660 0
666 0 809
815 0 0
964 0 958
1113 0 0
1262 0 1107
1411 0 1256
68 1405 62
217 0 211
366 360 509
515 658 807
664 956 0
813 0 1105
962 1254 0
1111 1403 0
1260 60 0
1409 209 0
66 358 0
215 507 656
364 0 805
513 954 0
662 0 1103
811 1252 1401
960 0 58
1109 207 356
1258 505 0
1407 654 0
64 0 803
213 0 952
362 0 1101
511 1250 0
660 1399 0
809 0 0
958 0 56
1107 205 354
1256 503 0
1405 0 652
62 0 0
211 801 950
360 0 1099
509 1248 0
658 1397 54
807 0 0
956 203 352
1105 501 0
1254 0 0
1403 0 0
60 0 650
209 799 948
358 0 0
507 1097 0
656 1246 0
805 0 1395
954 52 0
1103 0 201
1252 0 0
1401 0 0
58 350 0
207 0 499
356 0 648
505 0 0
654 0 797
803 0 0
952 946 0
1101 0 1095
1250 1244 0
1399 1393 0
56 0 0
205 0 0
354 50 0
503 199 0
652 348 0
801 497 0
950 646 0
1099 0 795
1248 944 0
1397 0 0
54 1093 1242
203 0 0
352 0 0
501 1391 48
650 197 0
799 0 0
948 346 0
1097 0 495
1246 644 0
1395 0 793
52 0 0
201 942 0
350 1091 1240
499 0 0
648 0 1389
797 0 46
946 0 195
1095 344 493
1244 0 0
1393 0 0
50 0 642
199 0 791
348 0 940
497 1089 1238
646 0 1387
795 44 193
944 342 491
1093 640 0
1242 789 938
1391 0 0
48 1087 1236
197 0 1385
346 0 0
495 0 42
644 191 340
793 0 489
942 638 0
1091 0 787
1240 0 936
1389 1085 0
46 1234 0
195 0 0
344 1383 0
493 0 0
642 40 189
791 338 487
940 0 636
1089 0 0
1238 0 0
1387 785 0
44 934 1083
193 1232 1381
342 38 0
491 187 336
640 0 485
789 0 0
938 0 634
1087 0 783
1236 932 0
1385 1081 0
42 1230 1379
191 0 0
340 0 0
489 0 0
638 0 36
787 0 185
936 0 0
1085 334 0
1234 0 483
1383 632 781
40 0 0
189 930 1079
338 0 0
487 1228 1377
636 0 34
785 183 332
934 0 481
1083 630 0
1232 0 779
1381 928 0
38 0 1077
187 0 1226
336 0 1375
485 32 0
634 181 330
783 0 479
932 0 0
1081 0 628
1230 777 0
1379 926 1075
36 0 1224
185 0 0
334 1373 0
483 0 0
632 0 0
781 30 0
930 0 0
1079 0 179
1228 0 0
1377 328 0
34 477 0
183 0 0
332 626 775
481 924 0
630 1073 0
779 0 1222
928 0 1371
1077 28 0
1226 177 0
1375 0 326
32 475 624
181 0 773
330 922 0
479 0 0
628 0 0
777 0 1071
926 0 0
1075 1220 1369
1224 26 0
1373 0 175
30 324 473
179 622 771
328 0 0
477 920 0
626 0 1069
775 1218 0
924 0 1367
1073 0 0
1222 0 0
1371 24 173
28 322 471
177 620 0
326 0 0
475 769 0
624 918 1067
773 0 0
922 0 0
1071 0 0
1220 0 1216
1369 0 0
26 1365 0
175 0 0
324 0 22
473 0 171
622 0 320
771 0 469
920 0 0
1069 0 0
1218 0 0
1367 0 618
24 0 0
173 0 767
322 916 1065
471 1214 0
620 1363 0
769 20 0
918 169 0
1067 318 467
1216 0 0
1365 616 765
22 914 1063
171 0 1212
320 0 1361
469 0 0
618 0 0
767 0 0
916 0 18
1065 167 0
1214 0 316
1363 0 465
20 0 0
169 0 0
318 0 0
467 614 763
616 912 1061
765 0 0
914 1210 1359
1063 16 165
1212 0 314
1361 0 463
18 0 612
167 761 910
316 1059 0
465 0 0
614 0 1208
763 1357 0
912 14 0
1061 163 312
1210 0 461
1359 0 610
16 759 0
165 908 0
314 0 0
463 0 0
612 1057 0
761 1206 1355
910 12 161
1059 0 310
1208 0 459
1357 608 757
14 906 1055
163 0 0
312 1204 0
461 0 1353
610 10 159
759 0 0
908 0 0
1057 308 0
1206 0 0
1355 0 0
12 0 0
161 0 0
310 0 457
459 0 606
608 0 755
757 0 904
906 1053 0
1055 0 0
1204 0 0
1353 1202 0
10 0 1351
159 0 8
308 157 0
457 306 0
606 0 455
755 0 0
904 0 0
1053 604 753
1202 0 0
1351 0 902
8 0 0
157 0 0
306 1051 0
455 0 0
604 1200 1349
753 6 0
902 155 0
1051 304 0
1200 0 0
1349 453 602
6 0 751
155 900 0
304 1049 1198
453 1347 0
602 4 0
751 0 153
900 302 0
1049 451 0
1198 600 0
1347 749 0
4 898 0
153 0 0
302 0 1047
451 0 0
600 1196 0
749 0 0
898 0 1345
1047 2 0
1196 151 0
1345 0 0
2 0 300
151 0 449
300 0 0
449 598 0
598 747 896
747 1045 0
896 1194 0
1045 1343 1492
1194 0 0
1343 0 0
1492 0 0
